4213178368 264241152 6291456 257949696
4213178368 264241152 14680064 249561088
4213178368 264241152 20971520 243269632
4213178368 264241152 27262976 236978176
4213178368 264241152 33554432 230686720
4213178368 264241152 39845888 224395264
4213178368 264241152 46137344 218103808
4213178368 264241152 52428800 211812352
4213178368 264241152 58720256 205520896
4213178368 264241152 65011712 199229440
4213178368 264241152 71303168 192937984
4213178368 264241152 77594624 186646528
4213178368 264241152 83886080 180355072
4213178368 264241152 90177536 174063616
4213178368 264241152 96468992 167772160
4213178368 264241152 102760448 161480704
4213178368 264241152 109051904 155189248
4213178368 264241152 115343360 148897792
4213178368 264241152 121634816 142606336
4213178368 264241152 126973216 137267936
4213178368 264241152 133264672 130976480
4213178368 264241152 139466840 124774312
4213178368 264241152 145758296 118482856
4213178368 264241152 152064016 112177136
4213178368 266338304 158372168 107966136
4213178368 276824064 164634280 112189784
4213178368 287309824 170945824 116364000
4213178368 297795584 177226400 120569184
4213178368 308281344 183492728 124788616
4213178368 318767104 189828416 128938688
4213178368 329252864 196112400 133140464
4213178368 339738624 202379200 137359424
4213178368 350224384 208687960 141536424
4213178368 360710144 215011368 145698776
4213178368 371195904 221292312 149903592
4213178368 1113587712 227546528 886041184
4213178368 1113587712 233837984 879749728
4213178368 1113587712 240129440 873458272
4213178368 1113587712 246420896 867166816
4213178368 1113587712 252712352 860875360
4213178368 1113587712 259003808 854583904
4213178368 1113587712 265295264 848292448
4213178368 1113587712 271586720 842000992
4213178368 1113587712 277878176 835709536
4213178368 1113587712 284169632 829418080
4213178368 1113587712 290461088 823126624
4213178368 1113587712 296752544 816835168
4213178368 1113587712 303044000 810543712
4213178368 1113587712 309335456 804252256
4213178368 1113587712 315626912 797960800
4213178368 1113587712 321918368 791669344
4213178368 1113587712 328209824 785377888
4213178368 1113587712 334501280 779086432
4213178368 1113587712 340792736 772794976
4213178368 1113587712 347084192 766503520
4213178368 1113587712 353375648 760212064
4213178368 1113587712 359667104 753920608
4213178368 1113587712 365958560 747629152
4213178368 1113587712 372250016 741337696
4213178368 1113587712 378541472 735046240
4213178368 1113587712 384832928 728754784
4213178368 1113587712 391124384 722463328
4213178368 1113587712 397415840 716171872
4213178368 1113587712 403707296 709880416
4213178368 1113587712 409998752 703588960
4213178368 1113587712 416290208 697297504
4213178368 1113587712 422581664 691006048
4213178368 1113587712 428873120 684714592
4213178368 1113587712 435164576 678423136
4213178368 1113587712 441456032 672131680
4213178368 1113587712 447747488 665840224
4213178368 1113587712 454038944 659548768
4213178368 1113587712 460330400 653257312
4213178368 1113587712 466621856 646965856
4213178368 1113587712 472913312 640674400
4213178368 1113587712 479204768 634382944
4213178368 1113587712 485496224 628091488
4213178368 1113587712 491787680 621800032
4213178368 1113587712 498079136 615508576
4213178368 1113587712 504421040 609166672
4213178368 1113587712 510665488 602922224
4213178368 1113587712 516956944 596630768
4213178368 1113587712 523248400 590339312
4213178368 1113587712 529539856 584047856
4213178368 1113587712 535831312 577756400
4213178368 1113587712 542105152 571482560
4213178368 1113587712 548396608 565191104
4213178368 1113587712 554688064 558899648
4213178368 1113587712 560984600 552603112
4213178368 1113587712 567276056 546311656
4213178368 1113587712 573567512 540020200
4213178368 1113587712 579858968 533728744
4213178368 1113587712 586152528 527435184
4213178368 1113587712 592443984 521143728
4213178368 1113587712 598735440 514852272
4213178368 1113587712 605026896 508560816
4213178368 1113587712 611323432 502264280
4213178368 1113587712 617614888 495972824
4213178368 1113587712 623906344 489681368
4213178368 1113587712 630200360 483387352
4213178368 1113587712 636491816 477095896
4213178368 1113587712 642783272 470804440
4213178368 1113587712 649077288 464510424
4213178368 1113587712 655368744 458218968
4213178368 1113587712 661660200 451927512
4213178368 1113587712 667951656 445636056
4213178368 1113587712 674241544 439346168
4213178368 1132462080 680533000 451929080
4213178368 1132462080 686824456 445637624
4213178368 1163919360 693124664 470794696
4213178368 1163919360 699416120 464503240
4213178368 1163919360 705707576 458211784
4213178368 1428160512 711994944 716165568
4213178368 1428160512 718286400 709874112
4213178368 1428160512 724577856 703582656
4213178368 1428160512 730874608 697285904
4213178368 1428160512 737166064 690994448
4213178368 1428160512 743457520 684702992
4213178368 1428160512 749749472 678411040
4213178368 1428160512 756040928 672119584
4213178368 1428160512 762332384 665828128
4213178368 1428160512 768628464 659532048
4213178368 1428160512 774919920 653240592
4213178368 1428160512 781211376 646949136
4213178368 1428160512 787502832 640657680
4213178368 1428160512 793800976 634359536
4213178368 1428160512 800092432 628068080
4213178368 1428160512 806383888 621776624
4213178368 1428160512 812675344 615485168
4213178368 1428160512 818973424 609187088
4213178368 1428160512 825264880 602895632
4213178368 1428160512 831556336 596604176
4213178368 1428160512 837847792 590312720
4213178368 1428160512 844139744 584020768
4213178368 1428160512 850431200 577729312
4213178368 1428160512 856722656 571437856
4213178368 1428160512 863014112 565146400
4213178368 1428160512 869314272 558846240
4213178368 1468006400 875605728 592400672
4213178368 1468006400 881897184 586109216
4213178368 1468006400 888188640 579817760
4213178368 1499463680 894484720 604978960
4213178368 1499463680 900776176 598687504
4213178368 1499463680 907067632 592396048
4213178368 1499463680 913363680 586100000
4213178368 1541406720 919655136 621751584
4213178368 1541406720 925946592 615460128
4213178368 1541406720 932238048 609168672
4213178368 1541406720 938542336 602864384
4213178368 1583349760 944833792 638515968
4213178368 1583349760 951125248 632224512
4213178368 1583349760 957416704 625933056
4213178368 1721761792 963706592 758055200
4213178368 1721761792 969998048 751763744
4213178368 1721761792 976289504 745472288
4213178368 1721761792 982580960 739180832
4213178368 1721761792 988876352 732885440
4213178368 1721761792 995167808 726593984
4213178368 1721761792 1001459264 720302528
4213178368 1721761792 1007750720 714011072
4213178368 1721761792 1014051600 707710192
4213178368 1721761792 1020343056 701418736
4213178368 1721761792 1026634512 695127280
4213178368 1721761792 1032925968 688835824
4213178368 1721761792 1039217216 682544576
4213178368 1740636160 1045508672 695127488
4213178368 1740636160 1051800128 688836032
4213178368 1740636160 1058099264 682536896
4213178368 1782579200 1064390720 718188480
4213178368 1782579200 1070682176 711897024
4213178368 1782579200 1076973632 705605568
4213178368 1782579200 1083272816 699306384
4213178368 1814036480 1089564272 724472208
4213178368 1814036480 1095855728 718180752
4213178368 1814036480 1102145616 711890864
4213178368 1855979520 1108437072 747542448
4213178368 1855979520 1114728528 741250992
4213178368 1855979520 1121019984 734959536
4213178368 1885339648 1127323200 758016448
4213178368 1885339648 1133614656 751724992
4213178368 1885339648 1139906112 745433536
4213178368 1994391552 1146200112 848191440
4213178368 1994391552 1152491568 841899984
4213178368 1994391552 1158783024 835608528
4213178368 1994391552 1165085280 829306272
4213178368 1994391552 1171376736 823014816
4213178368 1994391552 1177668192 816723360
4213178368 1994391552 1183959648 810431904
4213178368 1994391552 1190249536 804142016
4213178368 1994391552 1196540992 797850560
4213178368 1994391552 1202832448 791559104
4213178368 1994391552 1209132608 785258944
4213178368 2023751680 1215424064 808327616
4213178368 2023751680 1221715520 802036160
4213178368 2023751680 1228011584 795740096
4213178368 2065694720 1234303040 831391680
4213178368 2065694720 1240594496 825100224
4213178368 2065694720 1246885952 818808768
4213178368 2065694720 1253186144 812508576
4213178368 2107637760 1259477600 848160160
4213178368 2107637760 1265769056 841868704
4213178368 2107637760 1272060512 835577248
4213178368 2107637760 1278351456 829286304
4213178368 2149580800 1284642912 864937888
4213178368 2149580800 1290934368 858646432
4213178368 2149580800 1297225824 852354976
4213178368 2149580800 1303522880 846057920
4213178368 2191523840 1309814336 881709504
4213178368 2191523840 1316105792 875418048
4213178368 2191523840 1322397248 869126592
4213178368 2191523840 1328689200 862834640
4213178368 2233466880 1334980656 898486224
4213178368 2233466880 1341272112 892194768
4213178368 2233466880 1347563568 885903312
4213178368 2233466880 1353863776 879603104
4213178368 2264924160 1360155232 904768928
4213178368 2264924160 1366446688 898477472
4213178368 2294284288 1372738640 921545648
4213178368 2294284288 1379030096 915254192
4213178368 2294284288 1385321552 908962736
4213178368 2294284288 1391615568 902668720
4213178368 2338324480 1397907024 940417456
4213178368 2338324480 1404198480 934126000
4213178368 2338324480 1410489936 927834544
4213178368 2367684608 1416790112 950894496
4213178368 2367684608 1423081568 944603040
4213178368 2367684608 1429373024 938311584
4213178368 2367684608 1435669072 932015536
4213178368 2411724800 1441960528 969764272
4213178368 2411724800 1448251984 963472816
4213178368 2411724800 1454543440 957181360
4213178368 2738880512 1460839520 1278040992
4213178368 2738880512 1467130976 1271749536
4213178368 2738880512 1473422432 1265458080
4213178368 2738880512 1479713888 1259166624
4213178368 2738880512 1486005344 1252875168
4213178368 2738880512 1492303472 1246577040
4213178368 2738880512 1498594928 1240285584
4213178368 2738880512 1504886384 1233994128
4213178368 2738880512 1511177840 1227702672
4213178368 2738880512 1517469296 1221411216
4213178368 2738880512 1523765344 1215115168
4213178368 2738880512 1530056800 1208823712
4213178368 2738880512 1536348256 1202532256
4213178368 2738880512 1542639712 1196240800
4213178368 2738880512 1548943384 1189937128
4213178368 2738880512 1555234840 1183645672
4213178368 2738880512 1561526296 1177354216
4213178368 2738880512 1567826488 1171054024
4213178368 2738880512 1574117944 1164762568
4213178368 2738880512 1580409400 1158471112
4213178368 2738880512 1586700856 1152179656
4213178368 2738880512 1592994856 1145885656
4213178368 2738880512 1599286312 1139594200
4213178368 2738880512 1605577768 1133302744
4213178368 2738880512 1611872352 1127008160
4213178368 2738880512 1618163808 1120716704
4213178368 2738880512 1624455264 1114425248
4213178368 2738880512 1630746720 1108133792
4213178368 2738880512 1637040736 1101839776
4213178368 2738880512 1643332192 1095548320
4213178368 2738880512 1649623648 1089256864
4213178368 2766143488 1655923240 1110220248
4213178368 2766143488 1662214696 1103928792
4213178368 2766143488 1668506152 1097637336
4213178368 2766143488 1674797608 1091345880
4213178368 2766143488 1681095736 1085047752
4213178368 2820669440 1687387192 1133282248
4213178368 2820669440 1693678648 1126990792
4213178368 2820669440 1699970104 1120699336
4213178368 2820669440 1706264688 1114404752
4213178368 2862612480 1712556144 1150056336
4213178368 2862612480 1718847600 1143764880
4213178368 2862612480 1725139056 1137473424
4213178368 3133145088 1731436584 1401708504
4213178368 3133145088 1737728040 1395417048
4213178368 3133145088 1744019496 1389125592
4213178368 3133145088 1750310952 1382834136
4213178368 3133145088 1756607016 1376538072
4213178368 3133145088 1762898472 1370246616
4213178368 3133145088 1769189928 1363955160
4213178368 3133145088 1775481384 1357663704
4213178368 3133145088 1781772840 1351372248
4213178368 3133145088 1788065376 1345079712
4213178368 3133145088 1794356832 1338788256
4213178368 3133145088 1800648288 1332496800
4213178368 3133145088 1806939744 1326205344
4213178368 3133145088 1813237288 1319907800
4213178368 3133145088 1819528744 1313616344
4213178368 3133145088 1825820200 1307324888
4213178368 3133145088 1832111656 1301033432
4213178368 3133145088 1838409784 1294735304
4213178368 3133145088 1844701240 1288443848
4213178368 3133145088 1850992696 1282152392
4213178368 3133145088 1857284152 1275860936
4213178368 3133145088 1863576656 1269568432
4213178368 3133145088 1869868112 1263276976
4213178368 3133145088 1876159568 1256985520
4213178368 3133145088 1882451024 1250694064
4213178368 3133145088 1888742480 1244402608
4213178368 3164602368 1895034432 1269567936
4213178368 3164602368 1901325888 1263276480
4213178368 3164602368 1907617344 1256985024
4213178368 3164602368 1913921104 1250681264
4213178368 3208642560 1920212560 1288430000
4213178368 3208642560 1926504016 1282138544
4213178368 3208642560 1932795472 1275847088
4213178368 3208642560 1939086928 1269555632
4213178368 3208642560 1945383008 1263259552
4213178368 3261071360 1951674464 1309396896
4213178368 3261071360 1957965920 1303105440
4213178368 3261071360 1964257376 1296813984
4213178368 3261071360 1970548832 1290522528
4213178368 3261071360 1976844880 1284226480
4213178368 3313500160 1983136336 1330363824
4213178368 3313500160 1989427792 1324072368
4213178368 3313500160 1995719248 1317780912
4213178368 3313500160 2002010704 1311489456
4213178368 3313500160 2008304704 1305195456
4213178368 3365928960 2014596160 1351332800
4213178368 3365928960 2020887616 1345041344
4213178368 3365928960 2027179072 1338749888
4213178368 3365928960 2033470528 1332458432
4213178368 3535798272 2039770704 1496027568
4213178368 3535798272 2046062160 1489736112
4213178368 3535798272 2052353616 1483444656
4213178368 3535798272 2058645072 1477153200
4213178368 3535798272 2064936528 1470861744
4213178368 3535798272 2071236720 1464561552
4213178368 3535798272 2077528176 1458270096
4213178368 3535798272 2083819632 1451978640
4213178368 3535798272 2090111088 1445687184
4213178368 3535798272 2096402544 1439395728
4213178368 3535798272 2102702704 1433095568
4213178368 3535798272 2108994160 1426804112
4213178368 3535798272 2115285616 1420512656
4213178368 3535798272 2121577072 1414221200
4213178368 3535798272 2127877232 1407921040
4213178368 3565158400 2134168688 1430989712
4213178368 3565158400 2140460144 1424698256
4213178368 3565158400 2146751600 1418406800
4213178368 3565158400 2153043056 1412115344
4213178368 3565158400 2159339120 1405819280
4213178368 3617587200 2165630576 1451956624
4213178368 3617587200 2171922032 1445665168
4213178368 3617587200 2178213488 1439373712
4213178368 3617587200 2184504944 1433082256
4213178368 3617587200 2190798928 1426788272
4213178368 3670016000 2197090384 1472925616
4213178368 3670016000 2203381840 1466634160
4213178368 3670016000 2209673296 1460342704
4213178368 3670016000 2215964752 1454051248
4213178368 3670016000 2222262864 1447753136
4213178368 3722444800 2228554320 1493890480
4213178368 3722444800 2234845776 1487599024
4213178368 3722444800 2241137232 1481307568
4213178368 3722444800 2247428688 1475016112
4213178368 3722444800 2253728880 1468715920
4213178368 3774873600 2260020336 1514853264
4213178368 3774873600 2266311792 1508561808
4213178368 3774873600 2272603248 1502270352
4213178368 3774873600 2278894704 1495978896
4213178368 3814719488 2285190752 1529528736
4213178368 3814719488 2291482208 1523237280
4213178368 3814719488 2297773664 1516945824
4213178368 3814719488 2304065120 1510654368
4213178368 3856662528 2310365280 1546297248
4213178368 3856662528 2316656736 1540005792
4213178368 3856662528 2322948192 1533714336
4213178368 3856662528 2329239648 1527422880
4213178368 3856662528 2335539928 1521122600
4213178368 3911188480 2341831384 1569357096
4213178368 3911188480 2348122840 1563065640
4213178368 3911188480 2354414296 1556774184
4213178368 3911188480 2360705752 1550482728
4213178368 3930062848 2367010072 1563052776
4213178368 3963617280 2373301528 1590315752
4213178368 3963617280 2379592984 1584024296
4213178368 3963617280 2385884440 1577732840
4213178368 3963617280 2392175896 1571441384
4213178368 3963617280 2398465784 1565151496
4213178368 4005560320 2404757240 1600803080
4213178368 4005560320 2411048696 1594511624
4213178368 4005560320 2417340152 1588220168
4213178368 4005560320 2423627976 1581932344
4213178368 4047503360 2429919432 1617583928
4213178368 4047503360 2436210888 1611292472
4213178368 4047503360 2442502344 1605001016
4213178368 4047503360 2448806648 1598696712
4213178368 4099932160 2455098104 1644834056
4213178368 4099932160 2461389560 1638542600
4213178368 4099932160 2467681016 1632251144
4213178368 4099932160 2473972472 1625959688
4213178368 4099932160 2480264424 1619667736
4213178368 4152360960 2486555880 1665805080
4213178368 4152360960 2492847336 1659513624
4213178368 4152360960 2499138792 1653222168
4213178368 4152360960 2505430248 1646930712
4213178368 4192206848 2511724248 1680482600
4213178368 4192206848 2518015704 1674191144
4213178368 4192206848 2524307160 1667899688
4213178368 4192206848 2530598616 1661608232
4213178368 4192206848 2536892632 1655314216
4213178368 4213178368 2543184088 1669994280
4213178368 4213178368 2549475544 1663702824
4213178368 4213178368 2555767000 1657411368
4213178368 4213178368 2562058456 1651119912
4213178368 4213178368 2568354536 1644823832
4213178368 4213178368 2574645992 1638532376
4213178368 4213178368 2580937448 1632240920
4213178368 4213178368 2587228904 1625949464
4213178368 4213178368 2593520360 1619658008
4213178368 4213178368 2599810248 1613368120
4213178368 4213178368 2606101704 1607076664
4213178368 4213178368 2612393160 1600785208
4213178368 4213178368 2618684616 1594493752
4213178368 4213178368 2624976072 1588202296
4213178368 4213178368 2631274216 1581904152
4213178368 4213178368 2637565672 1575612696
4213178368 4213178368 2643857128 1569321240
4213178368 4213178368 2650148584 1563029784
4213178368 4213178368 2656440040 1556738328
4213178368 4213178368 2662731976 1550446392
4213178368 4213178368 2669023432 1544154936
4213178368 4213178368 2675314888 1537863480
4213178368 4213178368 2681606344 1531572024
4213178368 4213178368 2687897800 1525280568
4213178368 4213178368 2694202104 1518976264
4213178368 4213178368 2700493560 1512684808
4213178368 4213178368 2706785016 1506393352
4213178368 4213178368 2713076472 1500101896
4213178368 4213178368 2719367928 1493810440
4213178368 4213178368 2725663992 1487514376
4213178368 4213178368 2731955448 1481222920
4213178368 4213178368 2738246904 1474931464
4213178368 4213178368 2744538360 1468640008
4213178368 4213178368 2750829816 1462348552
4213178368 4213178368 2757123832 1456054536
4213178368 4213178368 2763415288 1449763080
4213178368 4213178368 2769706744 1443471624
4213178368 4213178368 2775998200 1437180168
4213178368 4213178368 2782289656 1430888712
4213178368 4213178368 2788577312 1424601056
4213178368 4213178368 2794868768 1418309600
4213178368 4213178368 2801160224 1412018144
4213178368 4213178368 2807451680 1405726688
4213178368 4213178368 2813743136 1399435232
4213178368 4213178368 2820045376 1393132992
4213178368 4213178368 2826336832 1386841536
4213178368 4213178368 2832628288 1380550080
4213178368 4213178368 2838919744 1374258624
4213178368 4213178368 2845215824 1367962544
4213178368 4213178368 2851507280 1361671088
4213178368 4213178368 2857798736 1355379632
4213178368 4213178368 2864090192 1349088176
4213178368 4213178368 2870381648 1342796720
4213178368 4213178368 2876673584 1336504784
4213178368 4213178368 2882965040 1330213328
4213178368 4213178368 2889256496 1323921872
4213178368 4213178368 2895547952 1317630416
4213178368 4213178368 2901850192 1311328176
4213178368 4213178368 2908141648 1305036720
4213178368 4213178368 2914433104 1298745264
4213178368 4213178368 2920724560 1292453808
4213178368 4213178368 2927016016 1286162352
4213178368 4213178368 2933310000 1279868368
4213178368 4213178368 2939601456 1273576912
4213178368 4213178368 2945892912 1267285456
4213178368 4213178368 2952184368 1260994000
4213178368 4213178368 2958475824 1254702544
4213178368 4213178368 2964773936 1248404432
4213178368 4213178368 2971065392 1242112976
4213178368 4213178368 2977356848 1235821520
4213178368 4213178368 2983648304 1229530064
4213178368 4213178368 2989948480 1223229888
4213178368 4213178368 2996239936 1216938432
4213178368 4213178368 3002531392 1210646976
4213178368 4213178368 3008822848 1204355520
4213178368 4213178368 3015114304 1198064064
4213178368 4213178368 3021410368 1191768000
4213178368 4213178368 3027701824 1185476544
4213178368 4213178368 3033993280 1179185088
4213178368 4213178368 3040284736 1172893632
4213178368 4213178368 3046578736 1166599632
4213178368 4213178368 3052870192 1160308176
4213178368 4213178368 3059161648 1154016720
4213178368 4213178368 3065457728 1147720640
4213178368 4213178368 3071749184 1141429184
4213178368 4213178368 3078040640 1135137728
4213178368 4213178368 3084332576 1128845792
4213178368 4213178368 3090624032 1122554336
4213178368 4213178368 3096915488 1116262880
4213178368 4213178368 3103206944 1109971424
4213178368 4213178368 3109498400 1103679968
4213178368 4213178368 3115802704 1097375664
4213178368 4213178368 3122094160 1091084208
4213178368 4213178368 3128385616 1084792752
4213178368 4213178368 3134677072 1078501296
4213178368 4213178368 3140971056 1072207312
4213178368 4213178368 3147262512 1065915856
4213178368 4213178368 3153553968 1059624400
4213178368 4213178368 3159845424 1053332944
4213178368 4213178368 3166143536 1047034832
4213178368 4213178368 3172434992 1040743376
4213178368 4213178368 3178726448 1034451920
4213178368 4213178368 3185017904 1028160464
4213178368 4213178368 3191318080 1021860288
4213178368 4213178368 3197609536 1015568832
4213178368 4213178368 3203900992 1009277376
4213178368 4213178368 3210192448 1002985920
4213178368 4213178368 3216483904 996694464
4213178368 4213178368 3222779968 990398400
4213178368 4213178368 3229071424 984106944
4213178368 4213178368 3235362880 977815488
4213178368 4213178368 3241654336 971524032
4213178368 4213178368 3247948320 965230048
4213178368 4213178368 3254239776 958938592
4213178368 4213178368 3260531232 952647136
4213178368 4213178368 3266822688 946355680
4213178368 4213178368 3273122880 940055488
4213178368 4213178368 3279414336 933764032
4213178368 4213178368 3285712448 927465920
4213178368 4213178368 3292003904 921174464
4213178368 4213178368 3298295840 914882528
4213178368 4213178368 3304587296 908591072
4213178368 4213178368 3310887472 902290896
4213178368 4213178368 3317178928 895999440
4213178368 4213178368 3323470384 889707984
4213178368 4213178368 3329761840 883416528
4213178368 4213178368 3336059968 877118400
4213178368 4213178368 3342351424 870826944
4213178368 4213178368 3348642880 864535488
4213178368 4213178368 3354934336 858244032
4213178368 4213178368 3361225792 851952576
4213178368 4213178368 3367519792 845658576
4213178368 4213178368 3373811248 839367120
4213178368 4213178368 3380105264 833073104
4213178368 4213178368 3386396720 826781648
4213178368 4213178368 3392688176 820490192
4213178368 4213178368 3398986320 814192048
4213178368 4213178368 3405277776 807900592
4213178368 4213178368 3411569232 801609136
4213178368 4213178368 3417861168 795317200
4213178368 4213178368 3424152624 789025744
4213178368 4213178368 3430444576 782733792
4213178368 4213178368 3436736032 776442336
4213178368 4213178368 3443034160 770144208
4213178368 4213178368 3449334352 763844016
4213178368 4213178368 3455625808 757552560
4213178368 4213178368 3461917264 751261104
4213178368 4213178368 3468210464 744967904
4213178368 4213178368 3474501920 738676448
4213178368 4213178368 3480793376 732384992
4213178368 4213178368 3487087392 726090976
4213178368 4213178368 3493378848 719799520
4213178368 4213178368 3499670304 713508064
4213178368 4213178368 3505966384 707211984
4213178368 4213178368 3512257840 700920528
4213178368 4213178368 3518549296 694629072
4213178368 4213178368 3524847392 688330976
4213178368 4213178368 3531138848 682039520
4213178368 4213178368 3537430304 675748064
4213178368 4213178368 3543726384 669451984
4213178368 4213178368 3550017840 663160528
4213178368 4213178368 3556309296 656869072
4213178368 4213178368 3562600752 650577616
4213178368 4213178368 3568892704 644285664
4213178368 4213178368 3575184160 637994208
4213178368 4213178368 3581475616 631702752
4213178368 4213178368 3587767072 625411296
4213178368 4213178368 3594058528 619119840
4213178368 4213178368 3600354592 612823776
4213178368 4213178368 3606646048 606532320
4213178368 4213178368 3612937504 600240864
4213178368 4213178368 3619228960 593949408
4213178368 4213178368 3625520416 587657952
4213178368 4213178368 3631816480 581361888
4213178368 4213178368 3638107936 575070432
4213178368 4213178368 3644401952 568776416
4213178368 4213178368 3650693408 562484960
4213178368 4213178368 3656987408 556190960
4213178368 4213178368 3663278864 549899504
4213178368 4213178368 3669570320 543608048
4213178368 4213178368 3675861776 537316592
4213178368 4213178368 3682153232 531025136
4213178368 4213178368 3688451376 524726992
4213178368 4213178368 3694742832 518435536
4213178368 4213178368 3701034288 512144080
4213178368 4213178368 3707325744 505852624
4213178368 4213178368 3713617680 499560688
4213178368 4213178368 3719909136 493269232
4213178368 4213178368 3726200592 486977776
4213178368 4213178368 3732492048 480686320
4213178368 4213178368 3738783504 474394864
4213178368 4213178368 3745085760 468092608
4213178368 4213178368 3751377216 461801152
4213178368 4213178368 3757668672 455509696
4213178368 4213178368 3763960128 449218240
4213178368 4213178368 3770251584 442926784
4213178368 4213178368 3776547648 436630720
4213178368 4213178368 3782839104 430339264
4213178368 4213178368 3789130560 424047808
4213178368 4213178368 3795422016 417756352
4213178368 4213178368 3801713472 411464896
4213178368 4213178368 3807999232 405179136
4213178368 4213178368 3814290688 398887680
4213178368 4213178368 3820582144 392596224
4213178368 4213178368 3826873600 386304768
4213178368 4213178368 3833171504 380006864
4213178368 4213178368 3839462960 373715408
4213178368 4213178368 3845754416 367423952
4213178368 4213178368 3852045872 361132496
4213178368 4213178368 3858337328 354841040
4213178368 4213178368 3864635456 348542912
4213178368 4213178368 3870926912 342251456
4213178368 4213178368 3877218368 335960000
4213178368 4213178368 3883509824 329668544
4213178368 4213178368 3889801280 323377088
4213178368 4213178368 3896099392 317078976
4213178368 4213178368 3902390848 310787520
4213178368 4213178368 3908682304 304496064
4213178368 4213178368 3914973760 298204608
4213178368 4213178368 3921265712 291912656
4213178368 4213178368 3927557168 285621200
4213178368 4213178368 3933848624 279329744
4213178368 4213178368 3940140080 273038288
4213178368 4213178368 3946440256 266738112
4213178368 4213178368 3952731712 260446656
4213178368 4213178368 3959023168 254155200
4213178368 4213178368 3965314624 247863744
4213178368 4213178368 3971606080 241572288
4213178368 4213178368 3977904192 235274176
4213178368 4213178368 3984195648 228982720
4213178368 4213178368 3990487104 222691264
4213178368 4213178368 3996778560 216399808
4213178368 4213178368 4003070016 210108352
4213178368 4213178368 4009368128 203810240
4213178368 4213178368 4015659584 197518784
4213178368 4213178368 4021951040 191227328
4213178368 4213178368 4028242496 184935872
4213178368 4213178368 4034533952 178644416
4213178368 4213178368 4040832032 172346336
4213178368 4213178368 4047123488 166054880
4213178368 4213178368 4053414944 159763424
4213178368 4213178368 4059706400 153471968
4213178368 4213178368 4065997856 147180512
4213178368 4213178368 4072304240 140874128
4213178368 4213178368 4078595696 134582672
4213178368 4213178368 4084887152 128291216
4213178368 4213178368 4091178608 121999760
4213178368 4213178368 4097470064 115708304
4213178368 4213178368 4103762000 109416368
4213178368 4213178368 4110053456 103124912
4213178368 4213178368 4116344912 96833456
4213178368 4213178368 4122636368 90542000
4213178368 4213178368 4128927824 84250544
4213178368 4213178368 4135219760 77958608
4213178368 4213178368 4141511216 71667152
4213178368 4213178368 4147802672 65375696
4213178368 4213178368 4154094128 59084240
4213178368 4213178368 4160385584 52792784
4213178368 4213178368 4166691936 46486432
4213178368 4213178368 4172983392 40194976
4213178368 4213178368 4179274848 33903520
4213178368 4213178368 4185566304 27612064
4213178368 4213178368 4191857760 21320608
4213178368 4213178368 4198145584 15032784
4213178368 4213178368 4204437040 8741328
